1341121622576337010
1341121622689583246
1341121622706229288
1341121622790115429
1341121622915944558
1341121622936916048
1341121622937043006
1341121622991568982
1341121623083978865
1341121623096426559
1341121623138504704
1341121623230644479
1341121623276912652
1341121623280844862
1341121623280976024
1341121623281107095
1341121623318855692
1341121623339696159
1341121623385968780
1341121623410872322
1341121623432101988
1341121623457140746
1341121623473913918
1341121623482437664
1341121623503278081
1341121623553605795
1341121623570387137
1341121623570518046
1341121623628976139
1341121623775772722
1341121624082223105
1341121624107384934
1341121624312909854
1341121624388403303
1341121624707174460
1341121624740597820
1341121624899981444
1341121625017290882
1341121625168547840
1341121625235521616
1341121625398972557
1341121625533317203
1341121625734774824
1341121626313326592
1341121626519109632
1341121626653069343
1341121627043266601
1341121627605303440
1341121627781599433
1341121627798245399
1341121627974537267
1341121628020674611
1341121628095905978