1341120676651728914
1341120783237386273
1341121622438051993
1341121622471479443
1341121622739914774
1341121622744236083
1341121622823927878
1341121622836514978
1341121622857355316
1341121622861414551
1341121622928785529
1341121622932983819
1341121622941368391
1341121622987505776
1341121623046094889
1341121623109144608
1341121623155277844
1341121623218061364
1341121623280844834
1341121623331176458
1341121623331176650
1341121623373250591
1341121623373254677
1341121623457005660
1341121623473913948
1341121623486496800
1341121623524118650
1341121623645884448
1341121623763325041
1341121623989944351
1341121624182624288
1341121624191008828
1341121624358781092
1341121624409116786
1341121624539271279
1341121624619094019
1341121625030000670
1341121625415745589
1341121625499762752
1341121626128781406
1341121626552537118
1341121627487735860
1341121627630338120
1341121627634532406
1341121627957624995